1000
913662973 -464797004 935950461 -354456604
-815891658 -747931622 858816641 384624032
735476500 -158403414 780745734 964268798
507732876 -415608750 724749357 806150377
-243206746 -820400607 484944350 -688588728
-368619656 65379908 771189484 646285559
909517291 -955019457 913965028 -317878040
-880057575 162007237 810020837 362904443
-571280966 -818128336 95723861 62325590
-878153326 839995740 915673519 999380659
-379702502 -446708066 -60894147 427153423
-919988249 338239181 226832016 375285682
-362855903 -176324010 135319942 370075023
-133335154 -412455924 261550195 -185141947
-216973349 -325629568 219946154 672512809
-908106111 190163293 881849741 503330741
-917940403 14264791 267977793 494598278
-56112194 -144733013 175561904 599773806
-971782607 -73361562 -771135537 444390412
-62139833 -803034863 107065797 969356550
-176847096 817545032 372291083 980471362
47896562 -35402493 639043266 893888928
-313434973 -953175807 617212671 -523254010
958143045 -342985999 964104398 951956218
797619259 134092116 920510827 196412942
-258507235 451167182 -128508214 994734127
-832243150 -612512692 31100389 728100463
-880620835 732564088 493689326 849797674
384550898 335148438 941112732 897522290
342011894 -175174284 761957361 640702567
945577338 867737589 965680484 932867855
734357523 -119807586 810920076 713801700
-788325309 16230241 -325853928 254832535
-19925482 -693040906 709422904 787992600
-782354839 -289839726 -286384569 -27920453
80385078 -846748821 752908806 475808716
-210206193 991635662 776654054 995905131
217830060 -188622322 373629625 929261081
-852953589 -509655834 20953533 -295947516
803957703 835092623 884406636 912944913
165622284 708349694 957721387 942582905
654739531 -218164282 988562320 840978072
-144054628 922446697 264041932 938462681
347027506 55060369 681573834 143512404
679072923 657047011 965132065 790521717
531728185 810510030 866211913 821158359
596259470 765156306 915303575 926210834
879223013 626368466 885718715 864112950
562811798 -313059161 848741019 521044860
-831001206 244209335 344988552 861059677
118531832 68405727 135389928 922429778
575187697 77738789 747062006 590517804
-107017472 832316992 30743189 851142032
645587698 316027022 741680854 839785106
831711628 261414043 938761261 352047161
885349298 -328610980 992507401 561290206
-905147384 -252200210 776436522 61251379
629995962 481052167 869527477 766931528
789154333 -373403607 802969620 773439641
248820396 622004239 364831695 974090470
362367433 7426542 880106613 308503222
488689094 611429661 782156099 908114721
220337940 404429674 279947428 745699546
216898168 444908184 797338518 581554851
-837338538 616595355 -109178514 807207222
642103538 -334927636 723389751 202475007
601860467 41295873 702491235 333620331
961218010 -710496815 995309340 478892911
-719021711 385264289 -451116449 994907483
756030107 -136782613 778209721 205988439
428953060 160836102 463197710 468122339
539436530 277723301 670155361 973591671
-284649031 -107018244 -35718444 610530050
-87666171 -441465291 128359260 -23292301
813855823 -809830383 993522154 -68385795
991899439 46617634 997268507 934903099
-948212050 991127112 -668055187 995915263
-439635738 248722177 -105719272 893142680
662441537 -47722360 984306418 116328015
-403193310 -576350844 -288253442 -296456909
-43794692 67771353 658325760 710983829
510715145 -788853815 696248651 -273186809
276316477 203974398 936022419 673498650
833436291 219798573 985402446 397540921
-807495197 308635562 -294786025 321527346
-8978442 -324621058 563860584 237744587
671269194 952801832 880822343 993408052
-388595456 359060233 -339622081 477264754
-271372646 -429380716 439993249 728052424
-500452338 157205078 899236556 346742147
-915909283 -79730152 -8596155 155841817
730322811 506362137 996286721 987632834
889787115 -318225786 940942168 -307533149
-435406588 -505429198 -201909675 -75042488
-484638005 633698531 -470971792 697296813
-759663909 231477037 182463358 653864048
593749160 294948965 648605486 942667383
-8163737 464979183 478473012 509345236
835851890 882230755 925810871 888945358
-932516971 926164700 826637737 987605964
842127004 80816201 880291502 786889093
-262471222 -893660472 271531702 757237619
-38733870 815297790 574417375 880713865
927116772 7644993 973929130 462169063
933313862 542475158 970918833 673868815
857778625 569897990 905829490 966228768
-723839245 66607953 269682071 632380326
663590081 -980403938 775055101 682952199
-999890529 -892459432 -555599212 896378620
-35999000 303919668 70192518 976058570
119213085 423671498 613852742 600952298
375775450 215453101 395762238 908740700
477927929 -612379172 802225370 -238017376
-283673528 859063892 891002334 898546007
828070094 894815134 950902270 905336237
142359521 -497267984 912696545 105041971
-23025394 -358085057 633296783 -292689731
551570680 -700601358 936611955 -580085663
779455466 -116641665 963195861 -93030563
-188448955 -68563192 728078681 570351672
-545630395 -416319762 -509605272 -320530746
-520669878 380486732 372973410 515409749
991167370 -700786467 998767378 825246220
626162098 -450935467 966562854 749888581
25838525 -933269716 65799055 515311097
-8572374 516210040 50737540 614941928
645224585 582787236 921844850 637577939
-354869825 899058542 540513109 925787973
855010364 -291028346 910035628 53039809
-39629523 -633857139 932034053 468069006
218380070 -709827411 975062966 -253270943
-754690404 287559130 -80245489 885387174
343838072 366665768 652181407 793446784
86338262 239368510 152708098 842612790
344495082 -255732618 352594795 74477761
-300100608 -460584662 990599931 -442234398
-190391824 -622674805 446189675 662507416
792195404 532963259 826922475 975405049
897202898 -26920883 985404370 96046859
-838706271 872657206 620680798 916195802
897767272 657565711 909382541 661441480
-864653822 938138010 953119422 995964185
349142066 -920752628 906519682 716164489
103069900 -704698171 503217558 314552485
-597900778 956447147 287552221 967341533
441718294 -348028791 930098937 -62751296
167895531 470388163 590129305 629023803
-706696460 -198282645 -354035418 707225004
-490521910 669271687 795086695 850943877
193422134 500819898 449454061 564479132
-351233912 -25594882 449926536 263140403
173615276 -660106871 531434750 196318886
288337186 -348650311 879069545 -93583449
787803417 -937304317 895152058 890111191
526819944 900062192 569501042 904653722
58595712 244592501 626990943 345231026
-862446051 219773819 313264646 712774287
760380494 125450948 890888350 965590848
-888970683 117097483 -808890046 303146393
-977451207 3448455 -427051878 796626723
404624840 891725701 803304977 955137220
-31025325 -347900840 744900097 401010941
950200948 254120546 985437621 798461913
568318092 -486584302 711422393 799028366
-62819553 -474798247 158614664 -277076532
-572905086 -389843092 -489845124 746981871
-622846925 468648677 206058693 964467808
-340364605 51049119 536633765 91263244
250820834 -306363970 983056764 856396913
-772773103 -71113387 -522946625 395040022
234650202 133152324 710717060 300349097
19331507 817714240 799843807 979139542
761225498 182297118 892294425 241949391
-930949885 -435336758 -86461334 361249125
15688085 866757399 212914962 921314604
961743255 361070335 968373845 762131162
598020563 -896010856 864367354 450283031
-655234089 -182179430 496122054 772862575
-244583380 -833720140 512409546 -448612206
306016131 184020480 814258742 976420506
816946810 808045675 925018911 969910814
333832235 416613687 943405670 751564796
153997406 -797627849 448019442 442112881
-190660782 -249864958 18692589 714780846
735862704 520338856 820910953 939175050
-999459802 -898561054 -709150802 173259421
782229135 -283847983 892590034 -102278636
418113161 196775101 626770465 523332887
739476449 301753030 787588718 759922236
-29350109 -664444506 34400238 891323703
-475232177 -400308263 -18317044 365497109
853346856 -103408255 875583277 483396914
926999682 402874747 935243569 407427963
955658325 -80203160 984311526 651901977
-839626860 357893848 527422250 754981790
195069411 -884429307 831924242 555869220
-352870715 -741135650 487125133 645811599
393768751 745742491 591537239 970433928
-31122643 -397460527 198607605 381043850
125445278 -172493173 615258579 394959728
-413747330 452743424 205244400 896380883
532709297 -848644240 587012792 474709871
-246590022 -441336794 191804520 26481394
195830884 341482267 416247966 706313562
-729523080 -488250871 -22643012 840144949
-904979635 -499280089 -642804013 152291150
-907633369 -665911553 -83541981 113334237
-402379399 708576267 964710387 819900759
230802073 622227929 810238805 856349794
536682992 6254209 909990265 372962436
693523440 26137849 729278472 728620311
880316532 893074360 986042586 911035218
-321950895 -416294762 515620623 356288562
-217843051 97983376 -196101132 762884091
-475432859 337393741 150568450 934484223
-588948064 -534824352 1267705 -380249898
-203963265 805145996 761334441 996891925
-488747657 -814055484 804731147 85772027
-535533572 76848868 951329447 145129121
-982605476 906690784 307763420 967098170
-840995162 774889717 -519999099 922113891
856448571 675003080 864884947 990688799
279684506 -400242357 584828732 794354398
814990417 579727548 997045111 727369108
-435715562 321327290 468101499 371553733
-110517460 -18356530 87095872 563067450
608815578 -729675178 868648322 -261462478
-67140754 335981655 634579378 722740224
487462620 43271447 718717746 111704869
-624988344 -800695540 892387099 -573416270
-970430533 187125066 194508107 488869528
529116566 -846619596 557846807 236424631
818873049 527511427 838109806 758772706
419381811 -393174030 974768262 800387422
-905101925 -85821645 -39926902 -7709528
156457999 873957100 675279929 971057352
-307964492 85893627 686059571 412269560
292896608 564631154 819827833 796798403
446830593 345913391 621119777 922466653
-103051278 -482758915 80776348 989699083
566882623 -843210833 578346722 746942967
-453690933 -100722839 425341394 571995103
-910551502 -439777377 -34290694 71330216
-293790775 228197834 971356769 910342086
-278022857 565407106 664000146 832084904
-118459988 -667009019 130427107 438014043
-60580283 348782018 131561768 635378819
736425530 -135432887 906820858 -60897948
894865604 -313302321 913148896 -783807
-784547787 -395236003 791602166 908415372
-344733348 -909202933 647956729 126892448
146506876 953545130 444711727 986223588
273677616 802193366 798774237 977251711
-539157518 303137443 289438020 527480347
-367355628 455495634 -289846526 646435545
-928131740 358633909 503153734 523640630
-191531724 341038404 756667557 825189269
-849116326 819139942 -772347859 830225396
359698223 -515781941 646253037 613759985
43873978 263898137 391364247 755350820
-69535315 191918690 818057313 805147319
856582812 -524666990 953952301 111081784
-462433742 283809367 410001732 952485810
640598164 590178989 902315318 700420179
-701796631 -553807860 -9752789 770738455
97854870 37848881 694564282 969266323
-859392085 -681443432 440301830 12030043
480049277 606497476 825827111 619033263
941253133 -640246815 957196471 -261507635
-849715489 -93284746 765147551 288146918
-410205243 220428137 589009212 934367588
-626416659 671315302 438118772 877501052
-37523799 -454372644 914749051 104696572
-218321303 98674606 946607867 212476232
233340200 -340558557 754566587 -203656711
563218526 688574856 925333907 882862147
-82186734 -419975420 -65924381 -26107820
213807712 56016885 936126564 673025493
544029411 509977523 902033881 890844041
-978729968 334074276 129555655 830245106
10993628 469173626 683635851 993538657
452447907 -166231810 464286759 580996405
-955595715 -715533151 333347315 729891280
434042061 -854408934 629985115 -407496907
754043529 -551901371 797903479 918750318
316547635 -73482509 432083992 830524931
-77128471 163604947 -1415424 256358034
-623862672 577598501 -98124148 613964600
353388400 -275971396 793245377 42145793
-744606650 850733882 130013649 865653565
-73346561 731985529 204171507 990048552
726953603 -221494764 781637246 269308337
-922596964 -392973444 -595411393 -149133207
-815618923 -116706780 42034521 -78122414
778116270 -904348080 865780297 371101261
497359982 -566583313 761452460 -269172048
517223577 -114165319 951364373 -4206394
19290656 -877926231 377947667 198897061
713842625 149133367 932367814 978616304
359920366 -143483363 938028481 192972463
989248660 497234891 998800880 544139872
612786043 847288766 649041578 919399942
-831772715 249776152 34586650 495541128
-180958478 921813082 446894270 945098910
956957306 -20238544 971129104 561923482
-412916842 177310065 18139412 869546236
-730835037 -275244625 470790216 191206351
501796230 -699876626 793084365 933761456
-324204219 -898790680 402697633 -286199139
230179033 -341239356 624657014 55248501
-140250666 406450287 507240604 463624515
-180621160 277747767 702274833 331984417
96941979 -714491269 327231321 313538784
-262114438 -115350880 -63458311 653175323
737533650 46605685 908708152 242857953
812457866 -41540681 903176772 630258840
-386205090 993266816 579455274 999076193
-967220353 -940707700 -121747841 -95648174
-590909095 -249471276 -570931765 254217569
76680333 -31941183 152934982 239296423
-11762275 560420251 842155552 872561342
908464759 971857118 941248663 972683530
769604029 -187145872 890325404 164066567
-473057526 881598846 -272382673 934171737
745972924 -217224918 895406106 142637893
127656466 -272493981 919583362 804815163
-158651202 884879482 -21617940 930517456
858317604 -995721876 975496042 -624878383
-164804335 340318186 751454321 696738321
607150247 231369557 992996250 642855520
537307120 -208632802 769352433 34776847
-353499312 -164936718 -146038426 438621476
559667501 -581390690 606282948 254562571
369000147 -491853280 948290094 -318966776
89190883 582056369 614300073 693053756
284816267 -170189982 591197843 427649396
-142968941 126712596 974065663 865189967
-714368158 -82169565 492074632 577061297
-737331440 -105425697 -88348821 551868557
252347797 -536251099 778533260 -263284722
-960048466 885738896 -176372247 951967585
36936681 474349889 441429832 626458104
-281549384 910705324 88036220 917878097
586387339 -591886395 631061687 749486866
-758520917 718259473 -78491704 727202452
524423788 854714841 550472112 928073133
264484543 -988566657 408873697 -411610832
748237759 859040389 873159504 959066343
-823305820 -590193469 -300425184 -292654280
-46144523 834456407 807452085 908314915
-345987096 -145386443 -38312484 149058958
51043903 748121448 883928001 800007278
76514262 -988617375 954641469 -240457171
119798258 203345337 156248085 613066957
-318165415 -923579001 -248143914 -771710943
315089908 -19595999 924046266 356242244
-461167387 -292779356 815479988 -71363858
-681679129 -278365104 531727157 767246491
258550644 564424416 405463110 603971509
837819848 -434297928 958699093 153133965
-482396079 -494600362 837580823 69386085
-641976121 -152855907 883561226 995222163
301800350 344461229 431090888 997886381
-613192534 583793566 136844524 791817586
46901241 150629923 465795113 451990025
5355779 -395971537 713198356 -229979733
-76225867 285532907 403403417 848809070
146011344 -334665736 929301564 526857733
616636944 968214860 657627626 980576753
-465852495 661901281 409435250 803658667
488781908 -769100637 859833242 164542306
-697762491 -607247020 -683115953 -333069812
-827163946 -273986312 -304178334 -253721500
-885947997 -705275214 -232680562 -642554729
398520457 485869661 918630933 919140208
-746265535 675363393 -583130120 740749315
553272256 -86801606 577052094 592163640
-491272209 783590447 353549262 952199002
318618128 -790859622 903437702 -75176844
-435954220 -310445656 980775002 705265202
111982190 -668621631 549503733 -496546789
-735645369 -917940296 -114867080 498607104
-272924967 418023337 539454166 813987868
118725374 156291864 264873041 903401354
368353671 -789921496 892177328 -740697380
498190417 572220825 902583982 760259019
-504403659 -780882873 86842907 141557659
-740937522 -828894982 388061740 621904427
-877807228 -422507808 -271471904 778344050
-899818277 -220378058 -15922908 123696666
157432479 701624050 745595631 820671227
-808630070 -472222503 368220859 370809699
-624626451 178216921 677915048 962621274
-488682074 -689441521 574852877 -51220473
175575227 220654451 267622243 403617200
921621506 -329543005 959246710 255360544
-951106029 -29276747 -857027569 307374431
80366302 402678148 130006287 868484848
596026058 -422080080 988657553 843277064
977687540 -732791082 978928260 -175891632
446080270 708726168 669679836 719122541
979118641 -923555090 992468061 429103295
-441128649 299960318 193330449 499083103
-954468691 212475015 296017775 433390846
-178032821 -852711463 -30486117 -424773013
433543260 741594058 923244284 747428439
252196921 495541573 267862472 670357895
-249467759 478179422 201715838 741757305
-319978251 -555928703 220594757 -267970667
799171863 -63457179 942279743 877272280
148167051 -113992633 457536748 184905795
493792975 -914582234 524240708 108738922
-679011466 -59225279 316024156 391756781
187734346 -768794755 238656464 176229173
671519924 -208008198 926896324 -69866519
791603599 -464252250 821001498 -236385736
925351437 271403162 965766545 808886195
904139563 -997510780 938732655 -493798400
-359453742 750062812 118682800 942172545
-92978697 -861530882 926284253 -821226384
-645757367 972487617 486324123 991307477
-625141891 -863683193 864283455 583806971
-811492292 -430838607 654541831 313935555
-673835353 402020821 -524249544 789121380
-123259744 143148055 12573086 601620373
667378983 242998497 787248013 805814768
-475459179 -701714337 -232447738 -424942736
-715679625 -2118841 -47134702 156670677
-232656621 -868446122 796264591 -388812204
-769137918 480025482 -13713921 635656489
157870475 -77948244 293294336 519959663
-939376636 -168352964 -902976505 632737653
-614635131 -645928837 303845872 283838884
567452626 -234695985 692389365 -95562749
222368369 -897714023 954463849 434133461
-14135980 738964535 161388686 926744324
-194786259 -334744636 139782054 810368399
50074441 -304065310 702341477 333210425
-470944018 65116935 44968217 218369881
-883807782 -299503287 -534234867 -66042509
353736380 -461575712 371248264 383382522
-453371086 -116587888 269913543 9618767
252062324 737751650 624429305 944441495
762243000 672398006 890606299 851917847
780729662 -405177229 812433306 560291269
731927307 -481002589 732509184 41614766
434409987 67143101 553877391 881315201
28883722 -966056180 445057692 62379075
613577891 -421003809 803809152 -132728685
314570920 478842524 778670204 991379804
983151034 268257234 993629483 397458810
-288224661 336202813 548197393 423899574
-182073603 -137525331 -59557695 74519023
-232412178 -513235756 918454021 489177950
-291564103 -9727233 306287428 902269451
798233741 170074359 876728766 593312866
475375915 299030089 725661658 315071340
-299932018 -277734838 491446290 605242536
708430463 585050297 740895721 903848469
759894563 -718988361 765420382 130557633
310793372 69193887 497441461 447565941
35922006 264064522 935561756 770540438
659876240 450756253 848365007 875922870
626108402 -991379620 755599550 -782872168
501579145 664910241 993770814 838029228
514129506 -314390720 890962627 485427060
274652322 -37892361 292296540 820043497
-714728224 -627204855 272377691 -337396615
979433528 -992491537 988740032 -392309985
588605335 973105847 862812671 977466761
560994245 -85285973 730104527 988899034
-703715563 764098315 828769753 979103235
-397089243 703145255 -125643506 906815946
-752950051 -130692079 524906404 753535938
704995077 -583762840 959291569 424074807
-197087393 -82104931 518948500 -51491226
614363726 -183918340 824023943 7163346
162998829 610730569 706213174 884057998
-587324571 733254092 999073046 765695803
588440557 255612042 659402841 873478203
-815890313 154132090 68001889 331913629
941709 886757122 305909857 994919074
-490232693 -489423810 418102571 -399937036
-366812369 -983099192 -340707720 915164962
-833715213 477750422 -313242492 878537816
-331454596 195385387 618554322 961230328
139799272 -245219518 465271560 97758484
-135278686 -732341365 -29971007 -663970570
-911718729 -458714918 -621056921 445102538
682085223 854275945 927835672 989487118
6405638 -701035447 116396191 -655897006
-748330510 -542699601 -64446300 983428296
-144696068 -78990911 573175791 506299788
-71650094 -504827066 320891608 825881411
444019010 -787105084 785670296 340986460
-281446651 -926960685 390552797 725524255
-266398054 -903854797 704063963 -538121037
-63200918 216064054 779670164 354282099
25761629 -298803860 881310494 998497537
-668521935 -278506611 221457962 213380787
-898819873 46048971 144738689 218028565
-964728608 -158789639 -131250955 429080576
-300969783 -501775625 536690061 467650949
-528638280 -44587360 290516709 743179462
-260944739 498853045 563995679 545556626
505360393 764799381 986901167 792222343
652749125 50334067 831848471 170349598
-147891192 261941399 970165670 859070220
-471854954 464950555 632660828 746984942
-543071132 -458571199 108506234 296226729
812516605 428471124 939155431 942137468
228787960 -719070824 358061983 -60556095
-744826215 -667320662 367321731 -516240729
860266776 92050926 966301743 137627934
595788776 -322845985 958200060 783175711
842165917 -518153788 921476961 604877772
962735054 -868082932 986207946 18340495
-331313347 -632189616 -174515189 -603037978
-319509401 360432561 497102329 649680286
-374557629 -736281784 615073383 233005122
687738060 -751260504 975464080 -614285285
551973360 569503497 983087493 691581019
175529464 881619566 488964572 910553094
-774586795 201776634 609952530 251196779
639161105 874321120 833376593 927979788
812921427 173625427 964709571 841372661
257121531 375891568 891167888 675162556
31188628 -850489396 607108269 319136264
232943008 388467308 987075525 579677249
-102626715 -479450153 739373785 189000501
-217086207 -292792990 174329173 268820595
-192752383 -473140933 404205211 -152986460
925504305 266667057 995000636 737040234
172277409 882405892 910438970 937289365
145932546 980450693 190795513 991318131
-493218716 -587217763 359167669 -278228455
-99003228 6849673 413954501 715035026
130036468 859696514 312861980 863904049
-473551556 780193513 248807917 916126128
617319960 782653680 633587659 832447936
-539815319 865724419 508138448 966399327
-258412625 692624418 909764412 850240963
-183497050 -605087847 348167679 -514137071
-38661074 -269123125 922239515 7804461
-975095198 45896182 856817709 75362406
-708470684 -734749126 -509632197 480275459
937084070 38454072 998811825 135127547
-137584069 -694523801 922338833 215768886
60696231 601827228 795056708 923632229
-294654438 -224009569 -56820114 -141701556
656987293 751190407 997640780 983602220
748383341 432019747 922146020 785624253
-382530181 -130786354 656787341 50729754
-290031023 113363952 342456154 492359120
292039461 969360378 568019157 983427563
240963346 -979501094 718918590 543880991
22768233 454437398 512776387 781576317
588494218 843091459 758773466 954232744
316476732 -519500779 439070160 247257852
-317600801 -272946967 586654538 -62979723
88379522 134866380 676229554 721320113
-750502190 623051299 -609860413 730316328
-113803146 -115863323 88981199 -19187136
138003230 -182695054 394033668 815332008
-202402403 203131670 789974061 841961119
-439744762 711898676 487157641 778162007
-127530804 778337711 774757671 884946957
168171654 -144772294 449508657 -98489140
-625946000 764997573 -328531222 836184657
639309525 541787447 839139322 961174422
595410644 -466694599 904555162 899799732
-107766705 -115771591 332802944 759649309
790854888 917566261 986649573 991748173
490835329 469241163 790440409 544162590
-527942062 617412029 661411215 871542806
84278178 -957067727 933708828 538678227
985403980 99319911 994329805 629984672
-30789345 57677594 665464250 81903872
580323883 -567909015 606459364 -395812362
-334195592 -826178173 277051489 -372894644
56646265 -600946392 752408358 982128189
78815514 -895565221 350741758 856482055
442093490 -854911482 991903295 240087407
287395096 582855385 465856787 848071130
-708134762 -94938453 51807532 756465304
221454639 -784969592 588236768 -518915888
-12010675 368533329 808417251 711359875
850121371 670011276 918732509 729645593
-631270792 -256421746 890319183 637861549
301466087 737975551 545132934 995554357
-975916741 625393725 -351294868 956196930
650096076 -283155936 832764840 565322211
-210651174 -181140346 902880565 286968094
-546385863 -560671554 -110554504 127956592
520239947 -873628061 801825093 -696891098
-491449222 -183699457 -146765838 159064944
211024397 -931611120 495243401 364621282
-949511307 -437117019 183005322 939938592
62132156 212800204 916131019 538803848
-826185804 -219320140 -747682202 669970299
-807992513 -474106598 124912398 891463521
274277601 -500678059 737441228 378154825
513914758 -451661457 627491971 293243893
-428140972 107823386 -71699902 590234534
193881175 468840311 269535047 511826400
-330967975 426181473 299791067 979755291
739943268 597035032 976345205 628057801
-431123244 936432734 637604290 974225489
-994041548 -63538827 913018817 625737475
-166326016 -563849620 304143620 40925037
-947123911 -574229038 915030675 910810361
-225104317 990817117 683989667 999273724
-654847017 590891646 -322871456 836729336
728350302 697073489 813906762 863713669
-395151523 588512857 780542306 786747092
263154307 962077891 695106013 975527093
-960622530 -707572647 -230177303 -163254953
736773513 -378807642 749883021 514936519
-910391630 274784667 -332488467 920295004
-409096513 982860975 -298447114 984856535
-318339759 669724202 829691592 689949417
777844419 -10473859 830756716 237551287
-149173207 709906275 403185503 999050416
-257708184 123272205 557384265 175368738
-82206248 -782838590 804581681 -513055359
224719561 -426969797 676615499 -287054303
-658592778 702807056 134585209 794870238
-376285728 -116679770 834492969 344784943
-1804787 994627878 239077614 998522169
781433334 735093474 790876617 748092063
802130398 500633521 949849664 993155553
-238336095 749888958 248720768 986625084
-361409972 857901129 454404494 967348335
245626142 60624459 973615919 217302002
-603520985 -655537024 397967463 203576151
-255864905 294379361 550866157 582770559
946251309 -909101981 954432813 -420356571
228716191 6820919 418950600 437596913
486335403 -647877154 596542500 232127204
426367185 -255093359 670161832 93697904
775368601 161882404 821779963 750001076
-168577236 29245714 839138996 666200805
624411571 -907728249 851170822 -121834436
383405831 414848085 802997834 993257547
726834798 713349125 834932759 730408175
-685927852 -244834935 -679473726 -106537305
-885887770 -403812193 -444451680 575001726
-828481614 599432359 -17824831 872371299
-828679958 576440215 817004430 840754324
-528437145 -167635597 -356027463 666275241
512337031 -249158386 762255171 500526942
-473959995 60396652 540951715 782719078
585709712 -474965028 823822065 -160895547
-864944894 378842153 693008900 672696982
-839625786 741733635 -655972303 906158679
-736657746 -536900728 -519981302 -203728280
-353854328 -311189608 406271605 864548081
502255277 654233130 742948637 837361334
209059696 337482000 671451949 551873036
443375337 799855697 931329574 994333668
201811309 -433148633 890271825 475839153
867789818 602920591 988782009 753699212
532626567 138598772 986606314 650635195
-194266839 947017714 160375100 967393566
-470515321 411143683 620690354 520420302
-519220066 -22386093 -50005848 3768264
435474004 839158690 976718180 896177598
698992479 -922878478 994131368 -538218631
-732239726 -221871560 -212903294 254020965
446315871 804450137 940859950 820872187
-712750228 -228504842 373173580 -80343958
-16247230 -688783004 448825661 -267827993
435236125 110707660 929105825 688188357
32962679 444295510 790140012 705870506
-140062436 868028195 101012262 968074995
447422168 -909580302 628013675 -195863850
554247647 347526476 943131501 954557212
-205980474 -484719268 -124697250 788478503
-682911976 -586802012 432462191 -460974763
-256056499 980797365 -192770154 991682672
217047046 -544333054 687768023 397849370
921159589 -375934429 971877109 144964311
-481261440 653754654 -445833005 956474434
-640378671 852925113 51462213 878461387
-403276047 -563855694 736752608 -13785980
-664188469 -828992977 -549954292 -320940249
-773562069 317522678 -465786717 654243955
-239385959 317791398 556187310 692536830
-104413892 -728805368 287273832 112461826
550643186 415946113 988464905 928690239
-897215827 92162075 -585122049 158312137
-821177465 -980346364 -771616039 355541200
315062776 -543189895 449747099 -539405674
179497662 299137299 903622352 401594479
654579498 -472129733 951722542 62685196
-443165034 -487810899 623222894 -289304092
870453654 -543401700 876981504 232744760
-213496938 681581355 23945841 802097627
343059712 -228889682 524874198 766128214
186024573 -512924114 504867650 -346446836
733949869 -983722119 936766772 25065241
-743538775 350419589 -553363143 606509260
-80095341 950879307 858384294 982820572
-636564404 -745954693 861370214 202801056
267427510 -161068344 981995780 950648781
200247473 357365043 479145605 759098610
-852937961 -257857988 -162296004 178250774
789694962 15296846 815918642 430915351
440124954 -10492802 510218578 459163080
769020371 936028569 900942979 967368438
43949422 -12577206 960273448 54509553
931626493 391657134 944285684 920942882
-425084381 806246165 -199882917 840799904
-396147467 388324477 666014344 434116635
-832183875 823435953 -77430434 891244456
664335205 -551623208 820253910 -9295706
-835435428 844432774 616451629 867834487
-499313728 -929053146 74803243 -261582770
213943093 -633356616 563395416 967557732
-114858642 229618925 524637692 996604745
-203709553 -74112638 -41242885 917605917
-218453122 -420901309 97136983 816707546
-477560177 -874367234 267642733 600185579
749302138 793992138 756756389 887817924
325739486 -711619323 455826638 337320528
-616101595 986258752 722700285 987812897
-404601098 -795259422 -389729601 141540177
-246542121 224334864 656363762 852742335
264756018 985199664 279261118 991791639
-451605566 451949960 851499972 667495524
-390115306 -813555606 673352950 -467505867
609118171 -794060732 886300130 979084004
594598468 924540941 820581241 933408156
-305738670 -141161244 -280166792 575185511
88244702 225758576 845962623 225781510
-604522996 -57063058 -593902786 790957023
-741095937 -105985449 -246266195 443127704
-513967380 -930452062 -131812131 -582805971
-613249959 686365092 -540107326 826616091
-239971239 -346012265 93211196 -20228217
-235679472 565308154 280892109 966887699
994237439 475520515 996962356 519980920
-603232782 766134232 -345159765 969153314
-397881963 -123008125 -187056132 239536874
-152386103 -923208721 -6425373 -451321876
-751800328 -855939344 -183681680 -813990992
-146413954 466699792 833859135 593244714
486695957 -559740327 923112449 155091213
-750686610 -699110669 195459812 -212230009
-789503332 -469529681 -89443643 413486373
709489411 -671526816 937569874 11385193
-764067746 -430634906 246098453 -166188799
-6663521 586250147 142954194 932909915
-702370139 145261572 -344701067 312313373
-196458884 -130915640 666855120 -124965325
-680483489 -94799686 -659512063 264385247
-202676454 95988812 140933192 150761950
993162710 620634730 998377794 830409968
897185573 236845663 959896488 801275225
-357623412 -662818239 174019260 -279397680
15066954 -853208037 301140996 -358522813
-481345088 2132141 530630453 581302424
253353761 -837509598 586231905 -129828436
240983373 152906836 947580813 364882227
-772336007 -368009498 -765080176 754547745
70048407 -315392932 322613727 621961538
-633617175 758886034 256260332 949134063
-226264376 488937158 829831439 631504194
-221703482 -724474447 481758638 -146393553
152632102 -890535709 825748811 951858883
278354540 -882946853 927470835 -95949702
-60994371 -588808027 350746694 469035756
41674813 -478240760 336427042 573770703
-784725945 -820820104 -337832376 -313271582
-628353067 883145483 -47103996 992267291
-409772773 67362470 -130415060 207372313
362694748 -624329743 484948526 -104333369
-44342857 -130064030 892498995 179562507
-866778344 -472208055 193676236 490078309
-356364959 -987007491 362855679 -670311351
-248930653 -675466 549014050 518154623
-823544719 615237050 110405713 657071479
-673442806 -863008381 334904781 -386951105
352510020 862182322 603719234 899016187
696935789 -725632910 821798209 -71934957
-448923768 -475185210 376599641 168466649
679661929 105227151 820628152 730083739
597110798 129941080 660643044 863331031
85437516 -578949712 434991144 697717992
611181191 246717167 776332590 575403800
220031663 -974666076 564803213 -886920908
-13185817 -636477532 546686986 399568911
499536490 -37973467 954405820 889187850
-66323341 -159552265 806224437 481392447
-826212649 668912604 210436790 995516482
994305977 -552723623 997956863 -122274321
-482747489 -993744403 145937444 940651532
-762558164 970272824 -625505819 981693733
514010906 977046138 522180549 981877150
299451011 -802248346 576635132 -267121409
852142041 -44610358 863743868 524442033
-185203358 -263368865 704172047 -62984428
833177935 681254326 878892431 735564292
-393272713 -306590649 291049900 686824244
-780188464 -541496575 -562832290 564217515
334822471 371671817 426440110 415461992
832556659 708259630 881555157 938963224
-954034049 -155650075 -550485835 177526543
580680948 -564577348 587796085 505770382
580013026 -865416355 975286851 941174169
612211468 -487128129 676976579 907556260
-7532184 168107969 -806318 977195989
126048341 -558826770 283400364 864096234
-523767493 -860823541 171403883 -792864555
955343255 821298533 967411091 912009153
-643936421 648338499 200278467 949582734
374800644 -532312498 724796686 491399794
-636487421 -328767715 -404448958 765229701
242543852 -862803992 245200966 -47825406
-262550755 849034009 4107376 871004885
163997340 -925555067 579537905 -804869769
296715553 -882856079 523488272 -768239958
555887908 332995855 698849237 905592720
-865003448 352341105 477730113 537955484
665933516 276082351 824782140 352284007
-678314334 190346663 417158455 515966203
-297287116 -275710451 687191088 -87297841
404461285 -958382076 411985101 -230768110
-757633396 216635372 -738030851 543921424
-167028162 253115735 848743497 445351357
-882641799 -904337763 476186276 306756944
676999411 -216302979 800248536 560319566
-606687425 90241412 746820283 431603349
-583034610 -67348272 225046525 362061871
656823422 441750804 850086526 556199262
47194824 802554644 934213225 956597151
942703134 60820691 963209218 859345459
-204334086 -671765330 809770137 -334899738
553107249 -532937767 667118726 -303752515
-2537540 -344610030 992730936 788861511
543986001 979638988 889609807 990174995
-744257196 593181121 977933666 727844297
220680900 318073577 859783185 364763086
-302196556 -871845392 606158881 133640289
-343042880 -462885959 30316683 -355472924
114371397 -6662876 703981139 309444361
-66468058 983210149 746119618 983680044
451484030 516261081 469325535 603068301
-294246938 116409229 971911677 303627164
-631610425 -227935866 828455870 -101313324
-66298650 -182538137 772378097 95717109
647031786 -683327481 738864454 747022355
262996511 835835529 628049948 878809445
234653985 -130692917 971521440 393654135
684894540 -313271079 733234121 996342192
351492945 698946923 522591003 805948233
-558622421 -990699704 707645720 151444727
-408507940 -658783907 356784826 -388878624
-14657888 -70967952 58133018 232070951
171438181 -239740714 505453084 595105212
-299661881 -32262177 -232042956 709727889
419509914 313324621 626705694 660791689
-249773965 -881629820 73169 372621162
752246269 811370410 816390929 991666823
-263133287 -76776070 522909829 442050720
-559579086 -468194504 452073193 718503065
457865081 245872581 690029930 604801660
711995425 74881188 830247706 419250951
-562740868 974235304 -339751236 978157765
984367895 -585002985 995952193 235190921
852020127 -251017615 978749317 789718320
-647699710 230699880 869253148 957127988
53834790 -202086718 277351716 -152517811
-993301209 -53258495 868212706 985653166
-146456776 289547148 843681678 556479639
-38039729 484214965 232762509 497115657
-95470593 -875152641 295853308 70230006
-40913346 -394401019 200998448 535813788
-899750870 94877932 209902780 674549015
-656867717 480891963 239009767 941588344
904516231 838629899 909419125 847988570
329922619 494435467 578849030 934405375
590271954 -730370754 882113518 -297262942
-156127453 -513914836 284150599 894715004
-276149100 323994192 645582890 503063886
-672920861 -40561394 -314760815 157988289
-656545295 -675941052 570693106 -444284472
-203262078 -6605305 378029267 410981820
-868699829 120053966 -547637396 420626190
72368397 575042431 449249243 786003264
-600847838 42032780 150270263 70683829
-402108527 -656361002 49752158 286229914
-872752277 -595751286 883280933 981867765
-163329246 513430203 239222835 766095564
90040253 398356088 868215603 824291400
-703312127 -475111856 -230237767 49382676
249230649 -399638386 342973827 628743816
939203902 -741409456 954279917 447167429
336576388 -15229257 408222996 588044597
22823067 225729801 844205356 559301312
347301617 -670441998 521178775 418620306
-639802449 -463143858 691240633 713009164
638846636 -270703185 708743521 914785152
467927151 -312266495 567761201 667822302
914123741 743150488 964905196 918592852
-885447132 -583921713 -708631314 -30162291
-147361722 588122112 -17776291 699249282
772906738 -615412187 874495523 4878649
144911119 718579788 963205669 868914404
43704144 -7231932 416541966 295720357
-557624901 493517452 -161116930 938188036
-654166897 536493497 941689425 625805571
-631293147 227285803 -495985682 366844767
-864365169 -985766896 -244866474 853240506
-32024202 610381944 430987440 915060211
-247640675 900527969 336444110 925171871
-30102106 -422762684 405178849 -141363919
-52106497 -834008002 149191251 -814031037
-750077560 841787131 -363542981 880662748
334878582 -862105347 968973314 383509931
417768130 705547636 978144434 846941430
-889445105 975655374 -534589745 993816721
636041012 527797877 884197826 799194079
-200135051 -393716312 805798167 -341787607
620355649 -518507605 920212984 -499045738
915873531 487172883 957072714 876688751
211144298 254959288 811107036 331506965
-493252783 669298198 911874468 945978924
728488037 -247412008 744944426 236748843
-513554201 47509217 534896825 403119816
947878726 -951073416 968433159 -935936694
52502239 -868656451 472225865 -167596099
611409675 -718486942 857208592 585728005
104036462 376706669 260574499 697705519
738557169 -921007814 958490016 -767128325
-672746282 991073276 915107824 992031659
240495539 -278297748 853737385 -162798218
-429576470 677800137 365240711 774686387
-448833190 -712931244 -437279129 -436617477
21999082 219280498 743030982 400229476
-47618491 795637670 875000695 852549196
-429438742 -455853146 685652223 962168760
-109229267 651659924 247319238 693908076
881567298 704957450 980997494 905009607
-640503329 -149883820 -53641530 178877991
356653800 -478650579 933090233 -226009494
185059135 -226156922 916628235 163753407
-257604023 259626323 833156958 842491841
-839359663 217625872 -698958467 909390371
123281226 579175267 721556900 985020179
189030780 -674091147 231718698 -61537569
732632759 -29956313 884707650 171439784
386744499 -818657013 547926325 916254961
91934896 -723625311 563435933 107123258
396637460 -48684377 559309538 735203717
116272818 914457049 680589181 921806539
-777446133 -52475607 374970685 393063530
-643243289 -686070618 54796646 716335179
727296781 561253147 891177335 711110769
194928635 33001587 584967490 646628516
504798095 -269701621 745470438 931977927
-636538896 -787091023 737491201 -461212664
253738166 -989401903 354236742 -667710077
238669911 -367889847 927771876 -317266129
961942578 -6690512 986859631 916926080
58674718 397617895 439840202 755895588
-952228621 963898661 773173483 969393255
973834134 983282191 994930404 988225996
-334315662 179729967 728997729 432361448
-256926338 -649208564 -139049222 658840589
122196307 -325707115 205765030 177014766
13072178 768372488 651184140 962199387
657551504 545575988 874283875 952515614
494634182 374096 654003147 279171776
-681606953 919587919 661070048 964370973
-310462998 468073933 -279480138 663742977
476189454 -153235298 573406578 172084535
-165275679 -826004469 25649434 -90168789
-364460587 -566716644 243907829 546457340
680151935 -58870800 966253543 103721788
979501545 278148553 991111485 715314050
-999947943 564532329 -384258188 593547469
478028105 -565959080 780905334 889650491
-682874825 -284266516 748745797 379768066
307443956 -234171734 404635870 815552037
-497301272 460731678 267411410 812059413
956905099 -442887736 980471732 -39388742
456258210 -114170635 533854426 952626558
-967076833 -176763850 478813731 -46333084
134220689 -222365687 702623477 307451038
619224071 156046585 777296325 887117227
211176466 78879375 612724813 677317459
-110765729 784111331 174150725 784292926
-637373375 803379621 165089354 863666705
535337354 -296883890 868358229 947808825
-388816357 -35198268 -141446219 618454026
-91134660 -114533895 791204223 898197198
826393741 247000549 841220744 592271263
694380988 -222515177 757463652 -198648660
326024430 844952616 597593837 892981967
