100
192095906 790507107 551220314 927017558
946545842 584038054 992087508 933693626
3108930 -510273679 671038792 144381673
378228077 -101328878 822911979 880858287
230174930 183545377 755889078 259499157
-86536619 -316395142 892037923 371372540
-198696054 -22112078 233023590 26934940
371908318 543143985 537861895 927652897
-14025605 -25394746 854029400 176763689
-21717154 -262540785 244927421 450094524
-152591907 563931499 608917473 641015347
637505029 -778296907 739334238 -455421258
-410404926 841554996 118161833 904882489
-224256276 228467715 521772915 542113918
-397657273 -652279183 -162280238 -556158877
-780960590 -315305199 312924340 574046514
130753883 886585198 704502879 935918322
66360524 585148892 683306555 990204553
383614764 303242194 630546030 862478352
918392992 -529634435 924199580 -244664116
229950053 -868011113 625355981 -347491114
616553116 -386170535 850381102 352637533
977566847 -359435651 981799359 202743920
-282087291 -8678099 101081413 454465371
-184469974 -708163173 30916234 -374482385
-469688776 7622215 353576146 34323595
-303994575 886696717 495101594 896526662
669848373 -186490177 761373224 993750696
427433943 435217686 696258719 854347177
929765693 15768012 961671230 858181399
-832232304 69474210 927697841 245796877
-388990082 -309649324 -120621853 795829785
-752966766 513312181 -325102387 655429607
-333291410 -681897185 237226637 252439982
291874524 -498412680 556512397 -324473302
-343330171 362178260 257365641 841197744
-688052846 -502685230 494490996 -84899239
412838533 399413362 475490593 620834821
-766972089 164955466 -600285113 714379879
-244404603 -146558822 636658995 -35413876
-957261828 -944341198 266257471 829610649
689576744 -948002353 710942198 816666496
-296728541 440972792 809411836 738195035
-64838684 -773068639 47594892 505702324
431126277 710583299 878843854 936445371
-7472847 -481087173 269250185 103659196
-146984067 -173510438 506614260 738345987
-952885138 995839049 -922509425 996316641
-18033618 357429724 980291681 540597524
247455292 299205809 577956846 722996334
-90532477 -165453569 940916910 335688568
713042898 582815503 722722798 586894605
-895956080 339308367 779109170 819489259
-139516701 -325512427 885500137 555820114
-822792893 873303889 -529654950 876615081
652532454 -518068348 679855758 222024601
-169836401 -468300089 563160275 -28600383
-291825809 989095075 714456029 999676305
-119179739 -499944622 733170566 374446310
845634547 -755966276 866417113 -633806171
917259314 -256067377 991101390 176016888
776987084 685271412 918266027 962340540
115680898 -293195998 654296439 332722490
292272528 -83048318 958203292 896269862
720780289 224196846 924532058 296048051
-826279263 438250052 482189341 533498641
142541524 851490022 348853403 938441470
585262196 156108649 588299337 978132982
-966974175 -955878151 -419242568 -952004867
-220016981 708950889 -100863073 779131545
-506881699 829523917 643701719 951026169
-481374299 -456481633 -16161696 30344586
508423254 -351623212 934757139 842513365
783433975 -232015668 904128601 518862808
928143389 -653763670 931593030 468120431
39988478 76465611 874625811 728893073
-195792422 261160179 249606661 903395251
-735518157 307385894 -553470704 727927939
-423875239 492777988 -346303830 841810881
700783136 -953887812 935087793 -914227892
980774698 986236457 987322022 995113785
210764775 577870395 705131578 902367289
-807142296 -477929986 16995217 838221498
187776763 905335359 952195147 998117538
521079573 549901224 823711843 918392413
-911550584 -912456602 585768379 574667007
-913650729 -745746800 641272719 686325767
552767905 442745826 614967457 687165004
-975315733 -833459842 633166753 982059832
-630209630 -484739308 976300096 661252797
716259702 109425772 888959639 966601495
-941578152 -351055458 805953596 -349855629
-822041829 -53159832 978628457 87509005
55631565 -354243094 105360814 848218684
-859120404 801949087 -745552508 946459410
440475113 102535697 522217884 836838692
-470354874 -647367562 337136557 320891845
618011980 538347844 763854505 718477039
620434811 -571110554 918433988 756207647
-237524314 -329112494 191334933 820986939
